30 40
001004 001004 001004 001004 001004 001004 001004 001004 001004 001004 001004 001004 001004 001004 001004 001004 001004 001004 001004 001004 001004 001004 001004 001004 001004 001004 001004 001004 001004 001004
001004 001004 001004 001004 001004 001004 001004 001004 001004 001004 001004 001004 001004 001004 001004 001004 001004 001004 001004 001004 001004 001004 001004 001004 001004 001004 001004 001004 001004 001004
001004 001004 001004 001004 001004 001004 001004 001004 001004 001004 001004 001004 001004 001004 001004 001004 001004 001004 001004 001004 001004 001004 001004 001004 001004 001004 001004 001004 001004 001004
001004 001004 001004 001004 001004 001004 001004 001004 001004 001004 001004 001004 001004 001004 001004 001004 001004 001004 001004 001004 001004 001004 001004 001004 001004 001004 001004 001004 001004 001004
001004 008000 008001 008001 008002 001004 001004 001004 001004 001004 001004 001004 001004 001004 001004 001004 001004 001004 001004 001004 001004 001004 001004 001004 001004 001004 001004 001004 001004 001004
001004 009000 009001 009001 009002 001004 001004 001004 001004 001004 001004 001004 001004 001004 001004 001004 001004 001004 001004 001004 001004 001004 001004 001004 001004 001004 001004 001004 001004 001004
001004 009000 009001 009001 009002 001004 001004 001004 001004 001004 001004 001004 001004 001004 001004 001004 001004 001004 001004 001004 001004 001004 001004 001004 001004 001004 001004 001004 001004 001004
001004 009000 009001 009001 010002 001004 001004 001004 001004 001004 001004 001004 001004 001004 001004 001004 001004 001004 001004 001004 001004 001004 001004 001004 001004 001004 001004 001004 001004 001004
001004 010000 009001 009002 001004 001004 001004 001004 001004 001004 001004 001004 001004 001004 001004 001004 001004 001004 001004 001004 001004 001004 001004 001004 001004 001004 001004 001004 001004 001004
001004 001004 010000 010002 001004 001004 001004 001004 001004 001004 001004 001004 001004 001004 001004 001004 001004 001004 001004 001004 001004 001004 001004 001004 001004 001004 001004 001004 001004 001004
001004 001004 001004 001004 001004 001004 001004 001004 001004 001004 001004 001004 001004 001004 001004 001004 001004 001004 001004 001004 001004 001004 001004 001004 001004 001004 001004 001004 001004 001004
001004 001004 001004 001004 001004 001004 001004 001004 001004 001004 001004 001004 001004 001004 001004 001004 001004 001004 001004 001004 001004 001004 001004 001004 001004 001004 001004 001004 001004 001004
001004 001004 001004 001004 001004 001004 001004 001004 001004 001004 001004 001004 001004 001004 001004 001004 001004 001004 001004 001004 001004 001004 001004 001004 001004 001004 001004 001004 001004 001004
001004 001004 001004 001004 001004 001004 001004 001004 001004 001004 001004 001004 001004 001004 001004 001004 001004 001004 001004 001004 001004 001004 001004 001004 001004 001004 001004 001004 001004 001004
001004 001004 001004 001004 001004 001004 001004 001004 001004 001004 001004 001004 001004 001004 001004 001004 001004 001004 001004 001004 001004 001004 001004 001004 001004 001004 001004 001004 001004 001004
001004 001004 001004 001004 001004 001004 001004 001004 001004 001004 001004 001004 001004 001004 001004 001004 001004 001004 001004 001004 001004 001004 001004 001004 001004 001004 001004 001004 001004 001004
001004 001004 001004 001004 001004 001004 001004 001004 001004 001004 001004 001004 001004 001004 001004 001004 001004 001004 001004 001004 001004 001004 001004 001004 001004 001004 001004 001004 001004 001004
001004 001004 001004 001004 001004 001004 001004 001004 001004 001004 001004 001004 001004 001004 001004 001004 001004 001004 001004 001004 001004 001004 001004 001004 001004 001004 001004 001004 001004 001004
001004 001004 001004 001004 001004 001004 001004 001004 001004 001004 001004 001004 001004 001004 001004 001004 001004 001004 001004 001004 001004 001004 001004 001004 001004 001004 001004 001004 001004 001004
001004 001004 001004 001004 001004 001004 001004 001004 001004 001004 001004 001004 001004 001004 001004 001004 001004 001004 001004 001004 001004 001004 001004 001004 001004 001004 001004 001004 001004 001004
001004 001004 001004 001004 001004 001004 001004 001004 001004 001004 001004 001004 001004 001004 001004 001004 001004 001004 001004 001004 001004 001004 001004 001004 001004 001004 001004 001004 001004 001004
001004 001004 001004 001004 001004 001004 001004 001004 001004 001004 001004 001004 001004 001004 001004 001004 001004 001004 001004 001004 001004 001004 001004 001004 001004 001004 001004 001004 001004 001004
001004 001004 001004 001004 001004 001004 001004 001004 001004 001004 001004 001004 001004 001004 001004 001004 001004 001004 001004 001004 001004 001004 001004 001004 001004 001004 001004 001004 001004 001004
001004 001004 001004 001004 001004 001004 001004 001004 001004 001004 001004 001004 001004 001004 001004 001004 001004 001004 001004 001004 001004 001004 001004 001004 001004 001004 001004 001004 001004 001004
001004 001004 001004 001004 001004 001004 001004 001004 001004 001004 001004 001004 001004 001004 001004 001004 001004 001004 001004 001004 001004 001004 001004 001004 001004 001004 001004 001004 001004 001004
001004 001004 001004 001004 001004 001004 001004 001004 001004 001004 001004 001004 001004 001004 001004 001004 001004 001004 001004 001004 001004 001004 001004 001004 001004 001004 001004 001004 001004 001004
001004 001004 001004 001004 001004 001004 001004 001004 001004 001004 001004 001004 001004 001004 001004 001004 001004 001004 001004 001004 001004 001004 001004 001004 001004 001004 001004 001004 001004 001004
001004 001004 001004 001004 001004 001004 001004 001004 001004 001004 001004 001004 001004 001004 001004 001004 001004 001004 001004 001004 001004 001004 001004 001004 001004 001004 001004 001004 001004 001004
001004 001004 001004 001004 001004 001004 001004 001004 001004 001004 001004 001004 001004 001004 001004 001004 001004 001004 001004 001004 001004 001004 001004 001004 001004 001004 001004 001004 001004 001004
001004 001004 001004 001004 001004 001004 001004 001004 001004 001004 001004 001004 001004 001004 001004 001004 001004 001004 001004 001004 001004 001004 001004 001004 001004 001004 001004 001004 001004 001004
001004 001004 001004 001004 001004 001004 001004 001004 001004 001004 001004 001004 001004 001004 001004 001004 001004 001004 001004 001004 001004 001004 001004 001004 001004 001004 001004 001004 001004 001004
001004 001004 001004 001004 001004 001004 001004 001004 001004 001004 001004 001004 001004 001004 001004 001004 001004 001004 001004 001004 001004 001004 001004 001004 001004 001004 001004 001004 001004 001004
001004 001004 001004 001004 001004 001004 001004 001004 001004 001004 001004 001004 001004 001004 001004 001004 001004 001004 001004 001004 001004 001004 001004 001004 001004 001004 001004 001004 001004 001004
001004 001004 001004 001004 001004 001004 001004 001004 001004 001004 001004 001004 001004 001004 001004 001004 001004 001004 001004 001004 001004 001004 001004 001004 001004 001004 001004 001004 001004 001004
001004 001004 001004 001004 001004 001004 001004 001004 001004 001004 001004 001004 001004 001004 001004 001004 001004 001004 001004 001004 001004 001004 001004 001004 001004 001004 001004 001004 001004 001004
001004 001004 001004 001004 001004 001004 001004 001004 001004 001004 001004 001004 001004 001004 001004 001004 001004 001004 001004 001004 001004 001004 001004 001004 001004 001004 001004 001004 001004 001004
001004 001004 001004 001004 001004 001004 001004 001004 001004 001004 001004 001004 001004 001004 001004 001004 001004 001004 001004 001004 001004 001004 001004 001004 001004 001004 001004 001004 001004 001004
001004 001004 001004 001004 001004 001004 001004 001004 001004 001004 001004 001004 001004 001004 001004 001004 001004 001004 001004 001004 001004 001004 001004 001004 001004 001004 001004 001004 001004 001004
001004 001004 001004 001004 001004 001004 001004 001004 001004 001004 001004 001004 001004 001004 001004 001004 001004 001004 001004 001004 001004 001004 001004 001004 001004 001004 001004 001004 001004 001004
001004 001004 001004 001004 001004 001004 001004 001004 001004 001004 001004 001004 001004 001004 001004 001004 001004 001004 001004 001004 001004 001004 001004 001004 001004 001004 001004 001004 001004 001004
