30 40
000000 000001 000002 000003 000004 000004 000001 000004 000003 000004 000004 000001 000004 000005 002002 002002 002002 002002 002002 002002 002002 002002 002002 002002 002002 002002 002002 002002 002002 002002
003000 001001 001002 001002 001003 001002 001002 001003 001003 001003 001002 001003 001004 001005 002002 002002 002002 002002 002002 002002 002002 002002 002002 002002 002002 002002 002002 002002 002002 002002
002000 002001 001007 002003 001008 001008 002006 001008 001009 002006 001006 000007 002004 002005 002002 002002 002002 002002 002002 002002 002002 002002 002002 002002 002002 002002 002002 002002 002002 002002
003000 002001 002007 001007 001007 001006 001007 001009 002007 001007 001009 002009 002004 003005 002002 002002 002002 002002 002002 002002 002002 002002 002002 002002 002002 002002 002002 002002 002002 002002
002000 002001 002002 001007 001006 001007 001008 001008 001009 001006 002006 001009 002004 001005 002002 002002 002002 002002 002002 002002 002002 002002 002002 002002 002002 002002 002002 002002 002002 002002
001000 002001 001007 002008 002007 002006 001007 001009 001009 001006 000007 002009 002004 003005 002002 002002 002002 002002 002002 002002 002002 002002 002002 002002 002002 002002 002002 002002 002002 002002
000000 003001 003003 003002 003002 003002 003003 003002 003003 003002 003003 003002 003004 001005 002002 002002 002002 002002 002002 002002 002002 002002 002002 002002 002002 002002 002002 002002 002002 002002
004000 004001 004002 004003 004001 004002 004001 004001 004002 004003 004001 004002 004004 004005 002002 002002 002002 002002 002002 002002 002002 002002 002002 002002 002002 002002 002002 002002 002002 002002
002002 002002 002002 002002 002002 002002 002002 002002 002002 002002 002002 002002 002002 002002 002002 002002 002002 002002 002002 002002 002002 002002 002002 002002 002002 002002 002002 002002 002002 002002
002002 002002 002002 002002 002002 002002 002002 002002 002002 002002 002002 002002 002002 002002 002002 002002 002002 002002 002002 002002 002002 002002 002002 002002 002002 002002 002002 002002 002002 002002
002002 002002 002002 002002 002002 002002 002002 002002 002002 002002 002002 002002 002002 002002 002002 002002 002002 002002 002002 002002 002002 002002 002002 002002 002002 002002 002002 002002 002002 002002
002002 002002 002002 002002 002002 002002 002002 002002 002002 002002 002002 002002 002002 002002 002002 002002 002002 002002 002002 002002 002002 002002 002002 002002 002002 002002 002002 002002 002002 002002
002002 002002 002002 002002 002002 002002 002002 002002 002002 002002 002002 002002 002002 002002 002002 002002 002002 002002 002002 002002 002002 002002 002002 002002 002002 002002 002002 002002 002002 002002
002002 002002 002002 002002 002002 002002 002002 002002 002002 002002 002002 002002 002002 002002 002002 002002 002002 002002 002002 002002 002002 002002 002002 002002 002002 002002 002002 002002 002002 002002
002002 002002 002002 002002 002002 002002 002002 002002 002002 002002 002002 002002 002002 002002 002002 002002 002002 002002 002002 002002 002002 002002 002002 002002 002002 002002 002002 002002 002002 002002
002002 002002 002002 002002 002002 002002 002002 002002 002002 002002 002002 002002 002002 002002 002002 002002 002002 002002 002002 002002 002002 002002 002002 002002 002002 002002 002002 002002 002002 002002
002002 002002 002002 002002 002002 002002 002002 002002 002002 002002 002002 002002 002002 002002 002002 002002 002002 002002 002002 002002 002002 002002 002002 002002 002002 002002 002002 002002 002002 002002
002002 002002 002002 002002 002002 002002 002002 002002 002002 002002 002002 002002 002002 002002 002002 002002 002002 002002 002002 002002 002002 002002 002002 002002 002002 002002 002002 002002 002002 002002
002002 002002 002002 002002 002002 002002 002002 002002 002002 002002 002002 002002 002002 002002 002002 002002 002002 002002 002002 002002 002002 002002 002002 002002 002002 002002 002002 002002 002002 002002
002002 002002 002002 002002 002002 002002 002002 002002 002002 002002 002002 002002 002002 002002 002002 002002 002002 002002 002002 002002 002002 002002 002002 002002 002002 002002 002002 002002 002002 002002
002002 002002 002002 002002 002002 002002 002002 002002 002002 002002 002002 002002 002002 002002 002002 002002 002002 002002 002002 002002 002002 002002 002002 002002 002002 002002 002002 002002 002002 002002
002002 002002 002002 002002 002002 002002 002002 002002 002002 002002 002002 002002 002002 002002 002002 002002 002002 002002 002002 002002 002002 002002 002002 002002 002002 002002 002002 002002 002002 002002
002002 002002 002002 002002 002002 002002 002002 002002 002002 002002 002002 002002 002002 002002 002002 002002 002002 002002 002002 002002 002002 002002 002002 002002 002002 002002 002002 002002 002002 002002
002002 002002 002002 002002 002002 002002 002002 002002 002002 002002 002002 002002 002002 002002 002002 002002 002002 002002 002002 002002 002002 002002 002002 002002 002002 002002 002002 002002 002002 002002
002002 002002 002002 002002 002002 002002 002002 002002 002002 002002 002002 002002 002002 002002 002002 002002 002002 002002 002002 002002 002002 002002 002002 002002 002002 002002 002002 002002 002002 002002
002002 002002 002002 002002 002002 002002 002002 002002 002002 002002 002002 002002 002002 002002 002002 002002 002002 002002 002002 002002 002002 002002 002002 002002 002002 002002 002002 002002 002002 002002
002002 002002 002002 002002 002002 002002 002002 002002 002002 002002 002002 002002 002002 002002 002002 002002 002002 002002 002002 002002 002002 002002 002002 002002 002002 002002 002002 002002 002002 002002
002002 002002 002002 002002 002002 002002 002002 002002 002002 002002 002002 002002 002002 002002 002002 002002 002002 002002 002002 002002 002002 002002 002002 002002 002002 002002 002002 002002 002002 002002
002002 002002 002002 002002 002002 002002 002002 002002 002002 002002 002002 002002 002002 002002 002002 002002 002002 002002 002002 002002 002002 002002 002002 002002 002002 002002 002002 002002 002002 002002
002002 002002 002002 002002 002002 002002 002002 002002 002002 002002 002002 002002 002002 002002 002002 002002 002002 002002 002002 002002 002002 002002 002002 002002 002002 002002 002002 002002 002002 002002
002002 002002 002002 002002 002002 002002 002002 002002 002002 002002 002002 002002 002002 002002 002002 002002 002002 002002 002002 002002 002002 002002 002002 002002 002002 002002 002002 002002 002002 002002
002002 002002 002002 002002 002002 002002 002002 002002 002002 002002 002002 002002 002002 002002 002002 002002 002002 002002 002002 002002 002002 002002 002002 002002 002002 002002 002002 002002 002002 002002
002002 002002 002002 002002 002002 002002 002002 002002 002002 002002 002002 002002 002002 002002 002002 002002 002002 002002 002002 002002 002002 002002 002002 002002 002002 002002 002002 002002 002002 002002
002002 002002 002002 002002 002002 002002 002002 002002 002002 002002 002002 002002 002002 002002 002002 002002 002002 002002 002002 002002 002002 002002 002002 002002 002002 002002 002002 002002 002002 002002
002002 002002 002002 002002 002002 002002 002002 002002 002002 002002 002002 002002 002002 002002 002002 002002 002002 002002 002002 002002 002002 002002 002002 002002 002002 002002 002002 002002 002002 002002
002002 002002 002002 002002 002002 002002 002002 002002 002002 002002 002002 002002 002002 002002 002002 002002 002002 002002 002002 002002 002002 002002 002002 002002 002002 002002 002002 002002 002002 002002
002002 002002 002002 002002 002002 002002 002002 002002 002002 002002 002002 002002 002002 002002 002002 002002 002002 002002 002002 002002 002002 002002 002002 002002 002002 002002 002002 002002 002002 002002
002002 002002 002002 002002 002002 002002 002002 002002 002002 002002 002002 002002 002002 002002 002002 002002 002002 002002 002002 002002 002002 002002 002002 002002 002002 002002 002002 002002 002002 002002
002002 002002 002002 002002 002002 002002 002002 002002 002002 002002 002002 002002 002002 002002 002002 002002 002002 002002 002002 002002 002002 002002 002002 002002 002002 002002 002002 002002 002002 002002
002002 002002 002002 002002 002002 002002 002002 002002 002002 002002 002002 002002 002002 002002 002002 002002 002002 002002 002002 002002 002002 002002 002002 002002 002002 002002 002002 002002 002002 002002
