60 80
001004 001004 001004 001004 001004 001004 001004 001011 000001 001004 001004 001004 001004 001004 007000 007000 006001 006001 006001 006001 001004 001004 001004 001004 001004 001004 001004 001004 006001 006001 001004 009000 009001 009001 009001 009001 009001 009001 009002 001004 001004 001004 001004 001004 001004 001004 001004 001004 001004 001004 001004 001004 001004 001004 001004 001004 001004 001004 001004 001004
001004 002003 000001 001004 000001 000001 001003 001011 000001 000001 001004 001004 001004 001004 001004 000001 007000 006001 006001 006001 001004 001004 001004 000002 001004 001004 001004 006000 006001 006001 001004 009000 009001 009001 009001 009001 009001 009001 009002 001004 001004 001004 001004 001004 001004 001004 001004 001004 001004 001004 001004 001004 001004 001004 001004 001004 001004 001004 001004 001004
000001 000001 001004 001004 001004 001004 001004 002010 000011 000001 000001 000001 000001 000001 001004 001004 001001 006001 006001 006001 006000 001004 001004 001004 001004 001004 001004 006001 006001 006001 001004 009000 009001 009001 009001 009001 009001 009001 009002 001004 001004 001004 001004 001004 001004 001004 001004 001004 001004 001004 001004 001004 001004 001004 001004 001004 001004 001004 001004 001004
001004 001004 001004 001004 001004 001004 001001 001004 001011 001001 001004 001004 001004 001004 006008 006009 001004 007000 006001 006001 006001 006000 006000 001004 006000 006000 006000 006001 006001 007000 001004 009000 009001 009001 009001 009001 009001 009001 009002 001004 001004 001004 001004 001004 001004 001004 001004 001004 001004 001004 001004 001004 001004 001004 001004 001004 001004 001004 001004 001004
001004 008000 008001 008001 008002 001004 000001 001004 001011 001001 001004 001004 000001 000001 007008 007009 000001 001004 006001 007000 006001 006001 006001 001004 006001 006001 006001 006001 007000 001004 001004 009000 009001 009001 009001 009001 009001 009001 009002 001004 001004 001004 001004 001004 001004 001004 001004 001004 001004 001004 001004 001004 001004 001004 001004 001004 001004 001004 001004 001004
001004 009000 009001 009001 009002 001004 000001 001004 002010 000011 000001 001004 001004 001001 001004 001004 001004 001004 007000 001004 007000 006001 007000 001004 007000 006001 006001 007000 001004 001004 001004 009000 009001 009001 009001 009001 009001 009001 009002 001004 001004 001004 001004 001004 001004 001004 001004 001004 001004 001004 001004 001004 001004 001004 001004 001004 001004 001004 001004 001004
001004 009000 009001 009001 009002 000001 000001 001004 001004 001011 000001 000001 000001 000001 000001 000001 001001 001001 001004 001004 001004 007000 001004 001004 001004 007000 007000 001004 001004 001004 001004 009000 009001 009001 009001 009001 009001 009001 009002 001004 001004 001004 001004 001004 001004 001004 001004 001004 001004 001004 001004 001004 001004 001004 001004 001004 001004 001004 001004 001004
000001 009000 009001 013000 010002 001004 001004 001010 000010 002011 001001 001004 001004 001004 001004 001004 001001 001004 001004 000002 001004 001004 001004 001004 001004 001004 007006 001004 000002 001004 001004 009000 009001 009001 009001 009001 009001 009001 009002 001004 001004 001004 001004 001004 001004 001004 001004 001004 001004 001004 001004 001004 001004 001004 001004 001004 001004 001004 001004 001004
001004 010000 013002 009002 001004 000001 000001 001011 001004 001001 001004 001004 001004 001004 001004 001001 001004 001004 001004 000002 001004 001004 001004 001004 001004 001004 001004 001004 001004 001004 001004 009000 009001 009001 009001 009001 009001 009001 009002 001004 001004 001004 001004 001004 001004 001004 001004 001004 001004 001004 001004 001004 001004 001004 001004 001004 001004 001004 001004 001004
000001 001004 010000 010002 001004 001004 000001 001011 001004 006002 006003 001004 001004 001004 001004 001001 001004 001004 000002 001004 001004 001004 001004 001004 001004 001004 001004 001004 000002 001004 001004 009000 009001 009001 009001 009001 009001 009001 009002 001004 001004 001004 001004 001004 001004 001004 001004 001004 001004 001004 001004 001004 001004 001004 001004 001004 001004 001004 001004 001004
001004 001004 000001 001004 001004 001004 001004 001011 001004 007002 007003 001004 001004 001004 001004 001001 001001 001004 001004 000002 001004 000002 001004 001004 000002 000002 000002 001004 001004 001004 001004 009000 009001 009001 009001 009001 009001 009001 009002 001004 001004 001004 001004 001004 001004 001004 001004 001004 001004 001004 001004 001004 001004 001004 001004 001004 001004 001004 001004 001004
001004 001004 001004 001004 000001 001004 000001 001011 001004 001004 001004 001004 001004 001004 001004 001004 001001 000002 001004 001004 001004 001004 001004 001004 001004 001004 001004 001004 001004 001004 001004 009000 009001 009001 009001 009001 009001 009001 009002 001004 001004 001004 001004 001004 001004 001004 001004 001004 001004 001004 001004 001004 001004 001004 001004 001004 001004 001004 001004 001004
001004 001004 001004 001004 001004 001001 001004 001011 001001 001004 001004 001004 001001 001004 001004 001001 001004 000002 001004 001004 001004 001004 001004 001004 001004 001004 000002 001004 001004 001004 008000 012000 009001 009001 009001 009001 009001 009001 009002 001004 001004 001004 001004 001004 001004 001004 001004 001004 001004 001004 001004 001004 001004 001004 001004 001004 001004 001004 001004 001004
001004 001004 001004 001004 006000 001004 001004 001011 001004 001004 001004 001004 001004 001001 001004 001001 001004 001004 001004 001004 001004 006002 006003 006002 006003 001004 001004 001004 001004 001004 009000 009001 009001 009001 009001 009001 009001 009001 009002 001004 001004 001004 001004 001004 001004 001004 001004 001004 001004 001004 001004 001004 001004 001004 001004 001004 001004 001004 001004 001004
001004 001004 001004 001004 007000 001004 001004 002010 000010 000010 000011 001004 001004 001004 001001 001001 001004 000002 001004 001004 006002 006004 006005 006004 006005 006003 001004 001004 001004 001004 009000 009001 009001 009001 009001 009001 009001 009001 009002 001004 001004 001004 001004 001004 001004 001004 001004 001004 001004 001004 001004 001004 001004 001004 001004 001004 001004 001004 001004 001004
000002 001004 001004 001001 001001 001004 001004 001004 001004 001004 001011 001004 001004 001004 001004 001004 000002 000002 001004 001004 007002 007004 007005 007004 007005 007003 001004 001004 001004 001004 009000 009001 009001 009001 009001 009001 009001 009001 009002 001004 001004 001004 001004 001004 001004 001004 001004 001004 001004 001004 001004 001004 001004 001004 001004 001004 001004 001004 001004 001004
000002 001004 001004 001004 001004 001004 001004 001004 001004 001004 001011 001004 007006 001004 001004 001004 000002 001004 001004 001004 001004 007002 007003 007002 007003 001004 001004 001004 001004 001004 009000 009001 009001 009001 009001 009001 009001 009001 009002 001004 001004 001004 001004 001004 001004 001004 001004 001004 001004 001004 001004 001004 001004 001004 001004 001004 001004 001004 001004 001004
001004 001004 001004 001004 001004 001004 001004 001004 001004 001004 001011 001004 001004 001004 001004 000002 001004 001004 001004 001004 001004 001004 001004 001004 001004 001004 001004 000002 008000 008001 012000 009001 009001 009001 009001 009001 009001 011001 010002 001004 001004 001004 001004 001004 001004 001004 001004 001004 001004 001004 001004 001004 001004 001004 001004 001004 001004 001004 001004 001004
001004 001004 001004 001004 001004 001004 001004 001004 001004 001004 001011 001004 001004 001004 001004 001004 001004 005000 001004 005005 001004 001004 001004 001004 001004 001004 001004 008000 012000 009001 009001 009001 009001 009001 009001 009001 011001 010002 001004 001004 001004 001004 001004 001004 001004 001004 001004 001004 001004 001004 001004 001004 001004 001004 001004 001004 001004 001004 001004 001004
001004 000002 001004 001004 001004 001004 001004 001004 001004 001004 001011 001004 001004 001004 000002 001004 001004 001004 001004 001004 001004 001004 000002 001004 008000 008001 008001 012000 009001 009001 009001 009001 009001 009001 009001 011001 010002 001004 001004 001004 001004 001004 001004 001004 001004 001004 001004 001004 001004 001004 001004 001004 001004 001004 001004 001004 001004 001004 001004 001004
001004 000002 001004 001004 001004 001004 001004 001004 001004 001004 002010 000011 001004 001004 001004 001004 001004 000002 001004 001004 001004 001004 001004 001004 009000 009001 009001 009001 009001 009001 009001 009001 009001 011001 010001 010002 001004 001004 001004 001004 001004 001004 001004 001004 001004 001004 001004 001004 001004 001004 001004 001004 001004 001004 001004 001004 001004 001004 001004 001004
001004 001004 001004 001004 001004 001004 001004 001004 001004 001004 001004 001011 001004 005000 005000 001004 001004 001004 001004 001004 001004 001004 005003 001004 010000 013002 009001 009001 009001 009001 009001 009001 009001 009002 001004 001004 001004 001004 001004 001004 001004 001004 001004 001004 001004 001004 001004 001004 001004 001004 001004 001004 001004 001004 001004 001004 001004 001004 001004 001004
001004 001004 000002 001004 001004 001004 001004 001004 001004 001004 001004 001011 001004 005000 005000 005000 001004 001004 001004 001004 001004 001004 001004 001004 001004 009000 009001 009001 009001 009001 009001 009001 011001 010002 001004 001004 001004 001004 001004 001004 001004 001004 001004 001004 001004 001004 001004 001004 001004 001004 001004 001004 001004 001004 001004 001004 001004 001004 001004 001004
001004 001004 001004 001004 006007 001004 001004 001004 001004 001004 001004 001011 001004 001004 005000 001004 000002 000002 000002 000002 000002 000002 001004 001004 008000 012000 009001 009001 009001 009001 009001 009001 009002 001004 001004 001004 001004 001004 001004 001004 001004 001004 001004 001004 001004 001004 001004 001004 001004 001004 001004 001004 001004 001004 001004 001004 001004 001004 001004 001004
001004 001004 001004 001004 007007 001004 001004 001004 001004 001004 001004 001011 001004 001004 000002 001004 000002 001004 001004 001004 000002 000002 001004 001004 009000 009001 009001 009001 009001 009001 009001 009001 009002 001004 001004 001004 001004 001004 001004 001004 001004 001004 001004 001004 001004 001004 001004 001004 001004 001004 001004 001004 001004 001004 001004 001004 001004 001004 001004 001004
001004 001004 001004 005004 001004 001004 001004 001010 000010 000010 000010 003011 005010 000002 000002 000002 000002 001004 000002 000002 000002 001004 001004 008000 012000 009001 009001 009001 009001 009001 009001 009001 010002 001004 001004 001004 001004 001004 001004 001004 001004 001004 001004 001004 001004 001004 001004 001004 001004 001004 001004 001004 001004 001004 001004 001004 001004 001004 001004 001004
001004 005004 001004 001004 001004 001004 001004 001011 001004 001004 001004 001011 001004 001004 001004 001004 001004 004004 001004 000002 001004 001004 001004 009000 009001 009001 009001 009001 009001 009001 009001 010002 001004 001004 001004 001004 001004 001004 001004 001004 001004 001004 001004 001004 001004 001004 001004 001004 001004 001004 001004 001004 001004 001004 001004 001004 001004 001004 001004 001004
001004 001004 001004 005003 001004 001004 001004 001011 001004 001004 001004 001011 001004 001004 001004 001004 001004 001004 001004 001004 001004 001004 001004 009000 009001 009001 009001 009001 009001 009002 006000 006000 006000 006000 006000 006000 006000 006000 001004 001004 001004 001004 001004 001004 001004 001004 001004 001004 001004 001004 001004 001004 001004 001004 001004 001004 001004 001004 001004 001004
001004 001004 005003 001004 001004 005004 001004 001011 001004 001004 001004 002010 000010 000010 000010 000011 001004 001004 001004 001004 000002 001004 001004 010000 010001 011000 009001 009001 009001 009002 006001 006001 006001 006001 006001 006001 006001 006001 006000 001004 001004 001004 001004 001004 001004 001004 006000 006000 001004 001004 001004 001004 001004 001004 001004 001004 001004 001004 001004 001004
001004 004004 001004 001004 004009 001004 001004 001011 001004 001004 001004 001004 001004 001004 001004 001011 001004 001004 001004 001004 001004 001004 001004 001004 001004 009000 009001 009001 009001 009002 006001 006001 006001 006001 006001 006001 006001 006001 006001 006000 001004 001004 001004 001004 006000 006000 006001 006001 006000 001004 001004 001004 001004 001004 001004 001004 001004 001004 001004 001004
001004 001004 001004 001004 002010 000010 000010 002011 001004 001004 001004 001004 001004 005004 001004 001011 001004 001004 001004 001004 001004 001004 001004 001004 001004 009000 009001 009001 009001 009002 006001 006001 006001 006001 006001 006001 006001 006001 006001 006001 001004 001004 006000 006000 006001 006001 006001 006001 006001 006000 006000 006000 006000 006000 006000 006000 006000 006000 001004 001004
001004 001004 004004 001004 001004 001004 001004 001004 001004 001004 001004 001004 001004 001004 001004 001011 001004 001004 001004 001004 001004 001004 001004 001004 001004 010000 010001 010001 010001 010002 006001 006001 006001 006001 006001 006001 006001 006001 006001 006001 006000 001004 006001 006001 006001 006001 006001 006001 006001 006001 006001 006001 006001 006001 006001 006001 006001 006001 001004 001004
006000 006000 001004 005004 006000 004006 006000 006000 005004 001004 001004 001004 001004 001004 001004 001011 001004 001004 001004 001004 001004 000002 001004 001004 005005 001004 001004 001004 001004 001004 007000 006001 007000 007000 007000 006001 006001 006001 006001 006001 006001 006000 006001 006001 006001 006001 006001 006001 006001 006001 006001 006001 006001 006001 006001 006001 006001 006001 006000 006000
006001 006001 006000 001004 006001 006000 006001 006001 006000 006000 006000 006000 001004 001004 001004 001011 001004 001004 001004 001004 001004 001004 001004 001004 001004 001004 001004 001004 001004 005006 001004 007000 001004 001004 001004 006001 006001 006001 006001 006001 006001 006001 006001 006001 006001 006001 006001 006001 006001 006001 006001 006001 006001 006001 006001 006001 006001 006001 006001 006001
006001 006001 006001 006000 006001 006001 006001 006001 006001 006001 006001 006001 006000 001004 001004 001011 001004 001004 001004 001004 001004 001004 001004 001004 001004 000002 001004 001004 001004 001004 001004 001004 001004 001004 001004 007000 006001 006001 006001 006001 006001 006001 006001 006001 006001 006001 007000 006001 006001 006001 006001 006001 006001 006001 006001 006001 006001 006001 006001 006001
006001 006001 006001 006001 006001 007000 007000 007000 007000 007000 007000 007000 007000 001004 004003 002010 000010 000010 000010 000010 000010 000011 001004 001004 001004 001004 001004 001004 001004 001004 001004 001004 001004 001004 001004 001004 006001 006001 006001 006001 006001 006001 006001 006001 007000 007000 001004 007000 006001 006001 006001 007000 007000 007000 006001 006001 006001 006001 006001 006001
006001 006001 006001 006001 007000 001004 001004 001004 001004 001004 001004 001004 001004 001004 001004 001004 001004 001004 001004 001004 001004 002010 000010 000010 000010 000010 000010 000010 000010 005010 001004 001004 001004 001004 001004 001004 007000 006001 006001 006001 006001 006001 007000 007000 001004 001004 001004 001004 007000 007000 007000 001004 001004 001004 007000 006001 006001 006001 006001 006001
006001 006001 006001 006001 001004 001004 000002 001004 001004 000002 001004 001004 000002 001004 001004 001004 001004 001004 001004 005005 001004 001004 001004 001004 001004 001004 001004 001004 001004 001004 001004 001004 001004 001004 001004 001004 001004 007000 007000 007000 007000 007000 001004 001004 001004 001004 001004 001004 001004 001004 001004 001004 001004 001004 001004 007000 007000 007000 007000 006001
006001 006001 006001 006001 001004 001004 000002 000002 000002 001004 001004 000002 006000 006000 006000 006000 006000 006000 006000 006000 006000 001004 001004 001004 001004 001004 000002 001004 001004 001004 001004 001004 001004 001004 001004 001004 001004 001004 001004 001004 001004 001004 001004 001004 001004 001004 001004 001004 001004 001004 001004 001004 005006 001004 001004 001004 001004 001004 001004 007000
006001 006001 006001 006001 006000 001004 001004 001004 001004 001004 001004 006000 006001 006001 006001 006001 006001 006001 006001 006001 006001 006000 006000 006000 006000 001004 001004 001004 001004 001004 001004 004004 001004 001004 001004 006000 006000 006000 006000 006000 006000 006000 006000 006000 001004 001004 001004 001004 001004 001004 001004 001004 001004 001004 001004 001004 001004 001004 001004 001004
006001 006001 006001 006001 006001 006000 006000 001004 001004 001004 006000 006001 006001 006001 006001 006001 006001 006001 006001 006001 006001 006001 006001 006001 006001 001004 001004 001004 000002 001004 001004 001004 001004 006000 006000 006001 006001 006001 006001 006001 006001 006001 006001 006001 006000 006000 006000 006000 006000 006000 006000 006000 006000 006000 001004 001004 008006 001004 001004 001004
006001 006001 006001 006001 006001 006001 006001 006000 006000 006000 006001 006001 006001 006001 006001 006001 006001 006001 006001 006001 006001 006001 006001 006001 006001 001004 001004 001004 000002 001004 001004 001004 001004 006001 006001 006001 006001 006001 006001 006001 006001 006001 006001 006001 006001 006001 006001 006001 006001 006001 006001 006001 006001 006001 006000 001004 001004 001004 001004 001004
006001 006001 006001 006001 006001 006001 006001 006001 006001 006001 006001 006001 006001 006001 006001 006001 006001 006001 006001 006001 006001 006001 006001 006001 006001 006000 001004 001004 001004 001004 001004 001004 001004 007000 006001 006001 006001 006001 006001 006001 006001 006001 006001 006001 006001 006001 006001 006001 006001 006001 006001 006001 006001 006001 006001 006000 001004 001004 001004 001004
006001 006001 006001 006001 006001 006001 006001 006001 006001 006001 006001 006001 006001 006001 007000 007000 007000 007000 007000 007000 007000 007000 006001 006001 006001 006001 006000 001004 001004 001004 001004 001004 001004 001004 006001 006001 006001 006001 007000 006001 006001 006001 006001 006001 006001 006001 006001 006001 006001 006001 006001 006001 006001 006001 006001 006001 001004 001004 001004 001004
006001 006001 006001 006001 007000 007000 007000 007000 007000 007000 007000 007000 007000 007000 001004 001004 001004 001004 001004 001004 001004 001004 006001 006001 006001 006001 006001 001004 001004 001004 000002 001004 001004 001004 007000 006001 007000 007000 001004 007000 006001 006001 006001 006001 006001 006001 007000 007000 007000 007000 006001 006001 006001 006001 006001 006001 001004 008006 001004 001004
006001 007000 007000 007000 001004 001004 001004 001004 001004 001004 001004 001004 001004 001004 000002 001004 001004 001004 001004 001004 001004 001004 006001 006001 006001 006001 007000 001004 001004 001004 001004 005003 001004 001004 001004 007000 001004 001004 001004 001004 007000 006001 006001 007000 006001 007000 001004 001004 001004 000002 007000 006001 006001 006001 006001 006001 001004 001004 001004 001004
007000 005000 005000 001004 001004 001004 000002 001004 001004 001004 001004 001004 001004 001004 001004 001004 001004 001004 001004 001004 006000 006000 006001 006001 006001 006001 001004 001004 001004 005006 001004 001004 001004 001004 001004 001004 001004 000002 004003 001004 001004 007000 007000 001004 007000 001004 001004 001004 000002 001004 001004 006001 006001 006001 006001 006001 001004 001004 001004 001004
005000 005000 001004 001004 001004 001004 000002 001004 001004 001004 001004 001004 001004 001004 001004 006000 006000 006000 006000 006000 006001 006001 006001 006001 006001 006001 006000 001004 004004 001004 001004 001004 000002 001004 001004 001004 001004 001004 001004 001004 001004 001004 001004 001004 001004 001004 001004 004003 001004 001004 001004 006001 006001 006001 006001 006001 001004 001004 001004 001004
005000 005000 001004 001004 000000 004003 001004 001004 001004 001004 001004 001004 001004 006000 006000 006001 006001 006001 006001 006001 006001 006001 006001 006001 006001 006001 006001 006000 001004 001004 001004 001004 001004 001004 001004 000002 001004 001004 001004 001004 001004 001004 001004 001004 000002 001004 001004 001004 001004 001004 006000 006001 006001 006001 006001 006001 001004 001004 001004 001004
006000 005000 001004 001004 001004 001004 001004 001004 001004 006000 006000 006000 006000 006001 006001 007000 007000 007000 007000 007000 007000 007000 006001 006001 006001 006001 006001 006001 006000 006000 001004 001004 001004 001004 001004 001004 001004 001004 001004 000002 004004 001004 001004 001004 001004 001004 001004 000002 001004 001004 006001 006001 006001 006001 006001 007000 001004 001004 001004 001004
006001 001004 001004 001004 000002 001004 001004 001004 001004 007000 006001 006001 006001 006001 007000 001004 001004 001004 001004 001004 001004 001004 007000 007000 007000 007000 007000 006001 006001 006001 001004 001004 001004 001004 001004 001004 001004 001004 001004 001004 001004 001004 001004 006007 001004 001004 001004 001004 001004 006000 006001 006001 006001 006001 006001 001004 001004 001004 001004 001004
006001 001004 001004 000002 001004 001004 001004 001004 001004 001004 007000 006001 006001 006001 001004 001004 005003 001004 001004 001004 001004 001004 001004 001004 001004 001004 001004 007000 006001 006001 006000 001004 001004 001004 001004 001004 001004 001004 001004 001004 001004 001004 001004 007007 001004 001004 001004 001004 001004 006001 006001 006001 006001 006001 006001 001004 001004 001004 001004 001004
006001 001004 001004 001004 001004 006000 006000 001004 001004 001004 001004 007000 007000 007000 001004 001004 001004 001004 000002 001004 001004 001004 001004 001004 001004 001004 001004 001004 007000 006001 006001 006000 006000 006000 006000 001004 001004 001004 008006 001004 001004 001004 001004 001004 001004 000002 001004 001004 001004 006001 006001 006001 006001 006001 006001 001004 001004 001004 001004 001004
006001 001004 001004 001004 001004 006001 006001 006000 006000 001004 000002 001004 001004 001004 001004 001004 001004 001004 001004 000002 001004 001004 001004 001004 005000 001004 001004 001004 001004 007000 006001 006001 006001 006001 006001 006000 006000 006000 001004 001004 001004 001004 001004 001004 001004 001004 001004 001004 001004 006001 006001 006001 006001 006001 006001 001004 001004 001004 001004 001004
006001 006000 006000 006000 006000 006001 006001 006001 006001 006000 001004 000002 000002 000002 001004 001004 001004 007001 001004 001004 001004 001004 001004 005000 005000 001004 001004 001004 001004 001004 006001 006001 006001 006001 006001 006001 006001 006001 006000 001004 001004 001004 001004 001004 001004 004003 001004 001004 006000 006001 006001 006001 006001 007000 007000 001004 001004 001004 001004 001004
006001 006001 006001 006001 006001 006001 006001 006001 006001 006001 006000 006000 006000 006000 000002 001004 001004 001004 001004 001004 001004 005003 001004 001004 001004 001004 001004 001004 001004 001004 006001 006001 006001 006001 006001 006001 006001 006001 007000 001004 001004 001004 001004 000002 001004 001004 001004 001004 006001 006001 006001 006001 006001 001004 001004 001004 001004 001004 001004 001004
006001 006001 006001 006001 006001 006001 006001 006001 006001 006001 006001 006001 006001 006001 001004 001004 001004 001004 001004 001004 001004 001004 001004 001004 001004 001004 001004 001004 001004 006000 006001 007000 007000 007000 007000 007000 007000 007000 001004 001004 000002 001004 001004 001004 006000 001004 001004 006000 006001 006001 006001 006001 007000 001004 001004 001004 001004 001004 001004 001004
006001 006001 006001 006001 006001 006001 006001 006001 006001 006001 006001 006001 006001 006001 006000 001004 001004 001004 001004 001004 001004 001004 001004 001004 001004 006000 006000 006000 006000 006001 007000 001004 001004 001004 001004 001004 001004 001004 001004 001004 001004 001004 001004 006000 006001 006000 006000 006001 006001 006001 006001 006001 001004 001004 004004 001004 001004 001004 001004 001004
006001 006001 006001 006001 006001 007000 007000 007000 007000 006001 006001 006001 006001 006001 006001 006000 006000 001004 001004 001004 001004 001004 006000 006000 006000 006001 006001 006001 006001 007000 001004 001004 001004 001004 000002 001004 001004 000002 000002 001004 001004 001004 006000 006001 006001 006001 006001 006001 006001 006001 006001 007000 001004 001004 001004 001004 001004 001004 001004 001004
006001 006001 007000 007000 007000 001004 007001 007001 001004 007000 006001 006001 006001 006001 006001 006001 006001 006000 001004 001004 001004 006000 006001 006001 006001 006001 006001 007000 007000 001004 001004 001004 006000 006000 006000 001004 001004 001004 001004 001004 006000 006000 006001 006001 006001 006001 006001 006001 006001 006001 007000 001004 001004 001004 001004 001004 001004 004004 001004 001004
007000 007000 001004 001004 007001 001004 001004 001004 001004 001004 007000 006001 006001 006001 006001 006001 006001 006001 001004 001004 001004 006001 006001 006001 006001 006001 006001 001004 001004 001004 000002 006000 006001 006001 006001 006000 006000 006000 006000 006000 006001 006001 006001 006001 006001 006001 006001 006001 006001 007000 001004 001004 001004 001004 001004 001004 001004 001004 001004 001004
001004 001004 000002 001004 001004 001004 001004 000002 001004 001004 001004 007000 006001 006001 006001 006001 006001 006001 001004 001004 001004 006001 006001 006001 006001 006001 007000 001004 001004 001004 006000 006001 006001 006001 006001 006001 006001 006001 006001 006001 006001 006001 006001 006001 006001 006001 006001 006001 006001 001004 001004 001004 001004 001004 001004 001004 001004 001004 001004 001004
001004 001004 001004 001004 001004 001004 001004 001004 001004 001004 001004 001004 007000 007000 006001 006001 006001 006001 001004 001004 001004 007000 006001 006001 007000 007000 001004 001004 001004 006000 006001 006001 006001 006001 006001 006001 006001 006001 006001 006001 006001 006001 006001 006001 006001 006001 006001 006001 006001 006000 006000 006000 006000 006000 006000 006000 006000 006000 006000 006000
001004 001004 001004 000002 001004 001004 001004 005003 001004 001004 000002 000002 001004 001004 007000 007000 006001 006001 006000 001004 001004 001004 007000 007000 001004 001004 000002 001004 001004 006001 006001 006001 006001 006001 006001 006001 006001 006001 006001 006001 006001 006001 006001 006001 006001 006001 006001 006001 006001 006001 006001 006001 006001 006001 006001 006001 006001 006001 006001 006001
006000 006000 001004 001004 001004 001004 001004 001004 006007 001004 001004 001004 000002 001004 001004 000002 007000 006001 006001 006000 004003 001004 001004 001004 001004 000002 001004 001004 006000 006001 006001 006001 006001 006001 006001 006001 006001 006001 006001 006001 006001 006001 006001 006001 006001 006001 006001 006001 006001 006001 006001 006001 006001 006001 006001 006001 006001 006001 006001 006001
006001 006001 006000 001004 001004 006000 006000 006000 007007 001004 001004 001004 001004 001004 001004 001004 001004 007000 006001 006001 001004 001004 001004 001004 001004 001004 000002 006000 006001 006001 006001 006001 006001 006001 006001 006001 006001 006001 006001 006001 006001 006001 006001 006001 006001 006001 006001 006001 006001 006001 006001 006001 006001 006001 006001 006001 006001 006001 006001 006001
006001 006001 006001 006000 006000 006001 006001 006001 006000 006000 006000 001004 001004 001004 001004 001004 001004 001004 007000 006001 006000 001004 001004 001004 001004 001004 001004 007000 006001 006001 006001 006001 006001 006001 006001 006001 006001 006001 006001 006001 006001 006001 006001 006001 006001 006001 006001 006001 006001 006001 006001 006001 006001 006001 006001 006001 006001 006001 006001 006001
006001 006001 006001 006001 006001 006001 006001 006001 006001 006001 006001 006000 001004 001004 001004 008006 001004 001004 001004 007000 006001 006000 006000 006000 001004 001004 001004 001004 006001 006001 006001 006001 006001 006001 006001 006001 006001 006001 006001 006001 006001 006001 006001 006001 006001 006001 006001 006001 006001 006001 006001 006001 006001 006001 006001 006001 006001 006001 006001 006001
006001 006001 006001 006001 006001 006001 006001 006001 006001 006001 006001 006001 006000 001004 001004 001004 001004 001004 001004 001004 006001 006001 006001 006001 001004 001004 000002 001004 007000 007000 007000 006001 006001 006001 006001 006001 006001 006001 006001 006001 006001 006001 006001 006001 006001 006001 006001 006001 006001 006001 006001 006001 006001 006001 007000 007000 007000 007000 006001 006001
006001 006001 006001 006001 006001 006001 006001 006001 006001 006001 006001 006001 006001 006000 001004 001004 000002 001004 001004 001004 006001 006001 006001 006001 001004 001004 001004 001004 001004 001004 001004 007000 007000 007000 007000 006001 006001 006001 006001 006001 006001 006001 006001 006001 006001 006001 006001 006001 006001 006001 006001 006001 007000 007000 001004 001004 001004 007001 007000 006001
006001 006001 006001 006001 006001 006001 006001 006001 006001 006001 006001 006001 006001 006001 001004 001004 000002 001004 001004 001004 007000 006001 006001 006001 006000 001004 001004 001004 001004 000002 001004 001004 001004 001004 001004 007000 007000 007000 007000 007000 006001 006001 006001 006001 006001 006001 006001 006001 006001 006001 006001 006001 001004 001004 005006 001004 001004 001004 001004 006001
006001 006001 006001 006001 006001 006001 006001 006001 006001 006001 006001 006001 006001 006001 001004 001004 001004 000002 000002 001004 001004 006001 006001 006001 006001 006000 006000 006000 006000 006000 001004 000002 000002 001004 001004 001004 000002 001004 001004 001004 007000 006001 006001 006001 006001 006001 006001 006001 006001 006001 006001 007000 001004 001004 005006 001004 000002 001004 001004 006001
006001 006001 006001 006001 006001 006001 006001 006001 006001 006001 006001 006001 006001 006001 001004 001004 001004 001004 001004 001004 001004 007000 006001 006001 006001 006001 006001 006001 006001 006001 006000 001004 001004 001004 000002 000002 000002 000002 001004 001004 001004 006001 006001 006001 006001 007000 007000 007000 007000 007000 007000 001004 001004 001004 001004 000002 001004 001004 001004 006001
007000 007000 007000 007000 007000 007000 007000 007000 006001 006001 006001 006001 006001 006001 006000 001004 001004 008006 001004 001004 001004 001004 007000 007000 007000 007000 007000 007000 006001 006001 006001 006000 006000 006000 006000 001004 001004 000002 001004 001004 001004 007000 007000 007000 007000 001004 001004 001004 001004 001004 001004 001004 001004 001004 000002 000002 001004 001004 001004 006001
001004 001004 001004 001004 001004 001004 001004 001004 007000 006001 006001 006001 006001 006001 006001 006000 006000 001004 001004 001004 000002 001004 001004 001004 001004 001004 001004 001004 007000 007000 007000 007000 007000 007000 007000 006000 001004 001004 001004 001004 001004 001004 001004 001004 001004 001004 001004 001004 000002 000002 001004 000002 000002 001004 001004 001004 001004 001004 007001 006001
001004 001004 001004 001004 001004 001004 001004 001004 001004 007000 006001 006001 006001 006001 006001 006001 006001 006000 006000 001004 001004 000002 001004 001004 001004 001004 001004 001004 001004 001004 001004 001004 001004 001004 001004 007000 001004 001004 001004 001004 001004 001004 001004 001004 005006 001004 000002 001004 001004 001004 001004 001004 001004 001004 001004 001004 001004 001004 007001 006001
001004 001004 001004 001004 001004 001004 001004 001004 001004 001004 007000 006001 006001 006001 006001 006001 006001 006001 006001 001004 001004 004003 001004 001004 001004 000002 000002 001004 001004 005003 001004 001004 001004 001004 001004 001004 001004 000002 001004 000002 001004 000002 000002 000002 001004 001004 001004 006000 006000 006000 006000 006000 006000 006000 001004 001004 000002 001004 001004 006001
001004 001004 001004 001004 001004 001004 001004 001004 001004 001004 001004 007000 006001 006001 006001 006001 006001 006001 006001 001004 001004 001004 001004 006000 006000 001004 001004 001004 000002 000002 001004 000002 001004 001004 001004 001004 001004 001004 005006 001004 001004 006000 006000 006000 006000 006000 006000 006001 006001 006001 006001 006001 006001 006001 006000 001004 001004 001004 001004 006001
001004 001004 001004 001004 001004 001004 001004 001004 001004 001004 001004 001004 007000 007000 006001 006001 006001 006001 006001 006000 006000 006000 006000 006001 006001 006000 006000 006000 006000 006000 006000 006000 006000 006000 005003 001004 001004 001004 000002 001004 001004 006001 006001 006001 006001 006001 006001 006001 006001 006001 006001 006001 006001 006001 006001 001004 007001 001004 006000 006001
001004 001004 001004 001004 001004 001004 001004 001004 001004 001004 001004 001004 001004 001004 006001 006001 006001 006001 006001 006001 006001 006001 006001 006001 006001 006001 006001 006001 006001 006001 006001 006001 006001 006001 006000 006000 006000 006000 006000 006000 006000 006001 006001 006001 006001 006001 006001 006001 006001 006001 006001 006001 006001 006001 006001 006000 006000 006000 006001 006001
